-3.333333768209159054e-01 1.234011745028610191e-01 1.012225246005175605e-01 -7.532081714210413226e-02
-3.333333733572008128e-01 1.240081386870625080e-01 1.006876227365416654e-01 -7.460365059245151198e-02
-3.333333584625071122e-01 1.240039150292387565e-01 1.006774651051933200e-01 -7.514447499897318472e-02
-3.333333333512910612e-01 1.233232286061663879e-01 1.015082465098125913e-01 -7.566494413688887311e-02
-3.333333431704204042e-01 1.232265797896417991e-01 1.013285220639469908e-01 -7.456801656452513583e-02
-3.333334982126334722e-01 1.226253980004662486e-01 1.017734150360566497e-01 -7.380523215361317613e-02
-3.333334553135873790e-01 1.245853475835403401e-01 1.000263265874467844e-01 -7.474614791342143461e-02
-3.333334213634301935e-01 1.233765463557458530e-01 1.015556302858676985e-01 -7.514792874191009164e-02
-3.333335784206343799e-01 1.243749922716323730e-01 1.009035838514934780e-01 -7.521590263939233190e-02
-3.333333662429311395e-01 1.239208316194743836e-01 1.008868418191272293e-01 -7.484778410318183861e-02
-3.333337418763695492e-01 1.232761960033970233e-01 1.013900062247512779e-01 -7.476847494929371452e-02
-3.333333349207420193e-01 1.225221406109340549e-01 1.022805092090246781e-01 -7.524278587561103460e-02
-3.333334494640767254e-01 1.237935918228077886e-01 1.010834274347867517e-01 -7.488177574446636120e-02
-3.333334213634301935e-01 1.236545954008847065e-01 1.008528782784891831e-01 -7.442059312993101750e-02
-3.333333635330411604e-01 1.237852006488089213e-01 1.003104013866561034e-01 -7.493763870665996751e-02
-3.333334015038386111e-01 1.231214053537922348e-01 1.010461761328722702e-01 -7.508687372606841215e-02
-3.333334269837032182e-01 1.238868624585636596e-01 1.006723103209764131e-01 -7.511572136305086356e-02
-3.333333581944644131e-01 1.232757319747986857e-01 1.010919958094341625e-01 -7.542930546009707360e-02
-3.333333747254401125e-01 1.240064418978165939e-01 1.001154167784584076e-01 -7.569211224714919584e-02
-3.333336313680473895e-01 1.235094269001740103e-01 1.016232371215283481e-01 -7.524308232291607168e-02
-3.333334529565363802e-01 1.244963403377268019e-01 1.000771915747057095e-01 -7.619233967529423501e-02
-3.333335627325918482e-01 1.250116385477825498e-01 1.001872841641020806e-01 -7.630434723780787909e-02
-3.333336539957366118e-01 1.237009868462694839e-01 1.006144389947074141e-01 -7.474973743758454858e-02
-3.333336397564181097e-01 1.240629734705711168e-01 1.000948066953975257e-01 -7.572289485625212369e-02
-3.333333335661563535e-01 1.229926212949470771e-01 1.015641951881762761e-01 -7.440016028057394593e-02
-3.333333710181151655e-01 1.229629139753664335e-01 1.014658233178148961e-01 -7.424930526291452504e-02
-3.333335911724237821e-01 1.237146130376384351e-01 1.004627616378983151e-01 -7.529051391548725880e-02
-3.333335725804656979e-01 1.240401524629292374e-01 1.011214512910547370e-01 -7.589406520200119022e-02
-3.333325197741910939e-01 1.243684215235445201e-01 1.006537201889087102e-01 -7.568193248036209075e-02
-3.333299798476951348e-01 1.228705138588945950e-01 1.020066629474361136e-01 -7.438493861506347005e-02
-3.333223504531637738e-01 1.226840175481306999e-01 1.017447204018632478e-01 -7.391191615412610882e-02
-3.333002881522006966e-01 1.234605421971839839e-01 1.013759881607257524e-01 -7.467992004239915049e-02
-3.332282210603841888e-01 1.240802302742435304e-01 1.006596844843127697e-01 -7.515632164632971013e-02
-3.330917430259666134e-01 1.232359072561432373e-01 1.008148121498064487e-01 -7.550727715140867491e-02
-3.327351358415825966e-01 1.227770169361862285e-01 1.009671211028529414e-01 -7.402914897093179625e-02
-3.320956780937306396e-01 1.230239847209305820e-01 9.995947734245799743e-02 -7.549879495571906740e-02
-3.310160530317078353e-01 1.218453090017040524e-01 9.915548966576667733e-02 -7.375626027998022360e-02
-3.289433937630411031e-01 1.200286724804441318e-01 9.855955626950674286e-02 -7.200488329212528793e-02
-3.262069300916535242e-01 1.178441766791768763e-01 9.771698619523573603e-02 -6.971431534556252196e-02
-3.217002510468242038e-01 1.150673270781729512e-01 9.418906508815569345e-02 -6.788301064969147480e-02
-3.156924869320451021e-01 1.099446522823626093e-01 9.193419492559229411e-02 -6.445991585999856499e-02
-3.081530666986280198e-01 1.048464043300173232e-01 8.718689912168384182e-02 -5.942802329585055582e-02
-2.988477344631891852e-01 9.767902606198533566e-02 8.332474410668987141e-02 -5.437226381431700672e-02
-2.877910452338656722e-01 9.056843149139422178e-02 7.738483774139429117e-02 -4.793474911841445751e-02
-2.752219702952171665e-01 8.186082050339368865e-02 7.152383862405334303e-02 -4.177012703349863854e-02
-2.609854808636294377e-01 7.295989945321054715e-02 6.482781259340138214e-02 -3.553772017569565428e-02
-2.458453781530549609e-01 6.355708766725760850e-02 5.870479274538254605e-02 -2.954950006060695286e-02
-2.304857102924113554e-01 5.553096586861373807e-02 5.148823447755471183e-02 -2.419875011445937057e-02
-2.139189608027167455e-01 4.834910560353293529e-02 4.467428057098104394e-02 -1.987717884742183985e-02
-1.983104482965758752e-01 4.054300629326869354e-02 3.935282074639361027e-02 -1.511851307522091466e-02
-1.822509782181850335e-01 3.362867401705839365e-02 3.299712969197179241e-02 -1.160854929023317356e-02
-1.673274930612540234e-01 2.875472807589874932e-02 2.722121977511750279e-02 -8.681015467938080904e-03
-1.528812448212440445e-01 2.342558569090875953e-02 2.295849720349553078e-02 -5.518641739646786004e-03
-1.384819994377330943e-01 1.942442688605187234e-02 1.917519999803100547e-02 -5.160873135649540061e-03
-1.259765631905872540e-01 1.579454141010730103e-02 1.582082043571489752e-02 -3.504435911941357687e-03
-1.139145973720588345e-01 1.376755866092731033e-02 1.261467237620510391e-02 -2.906059231867792660e-03
-1.027659871680144388e-01 1.091453447912093568e-02 1.074923093094390207e-02 -2.221587482684606821e-03
-9.181403030747715965e-02 9.302573967696294369e-03 9.557734829241453303e-03 -1.309066114768984903e-03
-8.208684044901595755e-02 6.932087231105501894e-03 6.813407760619386543e-03 -8.575245853007599237e-04
-7.455020558942723752e-02 6.429883386267148428e-03 5.026922503020620457e-03 -1.468235374583556040e-03
-6.628333989970572326e-02 4.000337943176014363e-03 4.618318900207258292e-03 3.628121727767099399e-04
-6.002648397317195128e-02 4.016349143147425124e-03 2.600672602348797630e-03 2.643824547793672858e-04
-5.309139835478646208e-02 3.182167997210066761e-03 1.718171957713545079e-03 -3.951703274427075235e-04
-4.779731695048701490e-02 1.958203340311431753e-03 2.232013832932953218e-03 -5.934765795245767995e-05
