7.000000000000001880e-03
8.030310845165982911e-03
9.212270324284333595e-03
1.056819918481445922e-02
1.212370350395568577e-02
1.390815824734173596e-02
1.595526200141613934e-02
1.830367335534810458e-02
2.099774095026105819e-02
2.408834098240959093e-02
2.763383797615713219e-02
3.170118697049915252e-02
3.636719793340481566e-02
4.171998628184551278e-02
4.786063689989712017e-02
5.490511307911354749e-02
6.298644643061000747e-02
7.225724912431334690e-02
8.289259589783333493e-02
9.509333026033317537e-02
1.090898573275005112e-01
1.251464949135195071e-01
1.435664650483635674e-01
1.646976201828594666e-01
1.889390122182061926e-01
2.167484284129727323e-01
2.486510364796252204e-01
2.852493021291565012e-01
3.272343663519704515e-01
3.753990972896064648e-01
4.306530631757492511e-01
4.940397091034527954e-01
5.667560619937288546e-01
6.501753358845431263e-01
7.458728644304402078e-01
8.556558503358258072e-01
9.815974935259278444e-01
1.126076142549857551e+00
1.291820208571542228e+00
1.481959690128089369e+00
1.700085281676344762e+00
1.950316182164659073e+00
2.237377884162794039e+00
2.566691412561000529e+00
2.944475698068999225e+00
3.377865018790162210e+00
3.875043727699633234e+00
4.445400810291253890e+00
5.099707191141638063e+00
5.850319137742234332e+00
6.711411602784794539e+00
7.699245911459354552e+00
8.832476848913128009e+00
1.013250494707207849e+01
1.162388062359582719e+01
1.333476780493947089e+01
1.529747578882508563e+01
1.754906939009514133e+01
2.013206889226448126e+01
2.309525302302573735e+01
2.649458011752226128e+01
3.039424486512256962e+01
3.486789059586060802e+01
4.000000000000001421e+01
